# n_K n n_S T
2 50 3 1440
# C Q β α d_serv ϕ ρ
3 15.0 0.0005 0.05 0 0.01 2.0
# B0[1] ... B0[n_K]
14.55668 11.27704 
# n_exp[1] ... n_exp[T/60]
2.08333 2.08333 2.08333 2.08333 2.08333 2.08333 2.08333 2.08333 2.08333 2.08333 2.08333 2.08333 2.08333 2.08333 2.08333 2.08333 2.08333 2.08333 2.08333 2.08333 2.08333 2.08333 2.08333 2.08333 
# loc_S[1] ... loc_S[n_S]
0 0 500 500 -500 -500 
# loc_K[1] ... loc_K[n_K]
-914 564 -238 -828 
# Requests: id t_arr u_x u_y v_x v_y t_start t_end d_max
1 6 236 -836 607 835 163 178 30
2 6 -768 662 -256 241 55 70 30
3 42 -665 959 -256 -659 204 219 30
4 50 944 -529 -116 549 159 174 30
5 66 828 -324 -690 -740 240 255 30
6 110 332 -446 919 549 256 271 30
7 136 494 274 -842 -574 196 211 30
8 150 965 -972 -982 -119 206 221 30
9 266 737 776 -999 -792 278 293 30
10 276 -309 630 296 -170 317 332 30
11 304 -395 -64 677 -319 400 415 30
12 306 364 816 -549 515 479 494 30
13 325 -834 -400 -869 -103 427 442 30
14 343 661 -115 -609 -150 441 456 30
15 377 280 -384 -261 959 511 526 30
16 401 476 -929 718 655 579 594 30
17 406 -374 576 213 -921 462 477 30
18 406 627 -35 -281 -933 535 550 30
19 439 -71 -153 621 695 603 618 30
20 480 -620 515 290 -719 507 522 30
21 508 480 431 -876 -365 652 667 30
22 531 -947 -472 -954 -489 690 705 30
23 541 -659 581 989 933 670 685 30
24 614 351 -610 -967 -715 640 655 30
25 656 -206 709 45 991 764 779 30
26 768 235 330 763 19 814 829 30
27 772 -885 -760 711 -255 921 936 30
28 801 -600 401 353 161 888 903 30
29 814 -493 707 -811 -258 884 899 30
30 819 229 893 -530 -281 915 930 30
31 826 -475 -140 -279 -474 951 966 30
32 864 -159 751 716 -92 1002 1017 30
33 891 -55 39 -542 777 977 992 30
34 962 168 818 -472 -21 962 977 30
35 998 934 -806 591 474 1035 1050 30
36 1031 242 -862 -576 -924 1113 1128 30
37 1073 -53 -878 881 165 1168 1183 30
38 1074 -854 -176 924 880 1185 1200 30
39 1082 -367 963 0 214 1161 1176 30
40 1103 592 389 -838 -752 1237 1252 30
41 1158 425 -8 832 -898 1313 1328 30
42 1221 -798 -886 -806 638 1221 1236 30
43 1234 489 -53 -630 102 1349 1364 30
44 1241 320 -172 -78 -746 1419 1434 30
45 1244 -749 335 491 934 1312 1327 30
46 1276 -291 836 712 -466 1341 1356 30
47 1315 -407 -69 -122 728 1363 1378 30
48 1321 -611 -299 632 -86 1334 1349 30
49 1330 726 -964 877 -98 1383 1398 30
50 1388 -958 31 199 -26 1390 1405 30
